35	0
48	1
50	2
54	3
56	4
58	5
60	6
62	7
64	8
66	9
68	10
70	11
72	12
74	13
75	14
86	15
87	16
88	17
89	18
229	19
272	20
278	21
284	22
285	23
295	24
301	25
303	26
305	27
307	28
309	29
311	30
314	31
411	32
413	33
421	34
426	35
428	36
430	37
466	38
468	39
470	40
472	41
474	42
476	43
478	44
492	45
494	46
496	47
498	48
500	49
502	50
504	51
506	52
538	53
540	54
542	55
544	56
546	57
548	58
552	59
577	60
579	61
581	62
583	63
585	64
589	65
590	66
616	67
626	68
628	69
630	70
632	71
634	72
636	73
638	74
640	75
642	76
644	77
646	78
648	79
650	80
652	81
654	82
656	83
658	84
660	85
662	86
664	87
667	88
675	89
677	90
717	91
718	92
719	93
727	94
728	95
731	96
732	97
740	98
746	99
747	100
751	101
767	102
772	103
774	104
775	105
776	106
777	107
778	108
796	109
797	110
798	111
800	112
801	113
802	114
803	115
804	116
805	117
806	118
807	119
808	120
809	121
810	122
811	123
812	124
813	125
814	126
815	127
816	128
817	129
818	130
825	131
826	132
827	133
828	134
829	135
830	136
831	137
832	138
833	139
834	140
835	141
836	142
837	143
839	144
841	145
843	146
845	147
847	148
849	149
851	150
853	151
855	152
857	153
859	154
861	155
863	156
864	157
865	158
866	159
867	160
868	161
869	162
870	163
871	164
872	165
873	166
874	167
875	168
876	169
945	170
946	171
952	172
954	173
970	174
972	175
973	176
975	177
1005	178
1007	179
1009	180
1011	181
1013	182
1015	183
1017	184
1019	185
1021	186
1023	187
1025	188
1027	189
1029	190
1031	191
1033	192
1035	193
1037	194
1038	195
1040	196
1042	197
1044	198
1046	199
1048	200
1050	201
1052	202
1053	203
1055	204
1057	205
1059	206
1061	207
1063	208
1065	209
1067	210
1069	211
1071	212
1073	213
1075	214
1077	215
1079	216
1081	217
1083	218
1085	219
1087	220
1089	221
1091	222
1093	223
1095	224
1097	225
1099	226
1101	227
1103	228
1105	229
1107	230
1109	231
1111	232
1113	233
1115	234
1117	235
1119	236
1121	237
1123	238
1125	239
1127	240
1129	241
1131	242
1133	243
1135	244
1137	245
1139	246
1141	247
1143	248
1145	249
1147	250
1149	251
1151	252
1153	253
1155	254
1157	255
1159	256
1161	257
1163	258
1165	259
1167	260
1169	261
1171	262
1173	263
1175	264
1177	265
1179	266
1181	267
1183	268
1185	269
1187	270
1189	271
1191	272
1193	273
1195	274
1197	275
1199	276
1201	277
1203	278
1205	279
1207	280
1209	281
1211	282
1213	283
1215	284
1217	285
1219	286
1221	287
1223	288
1225	289
1227	290
1229	291
1231	292
1233	293
1235	294
1237	295
1239	296
1241	297
1243	298
1245	299
1247	300
1249	301
1251	302
1253	303
1255	304
1257	305
1259	306
1261	307
1263	308
1265	309
1267	310
1269	311
1271	312
1273	313
1275	314
1277	315
1279	316
1281	317
1283	318
1285	319
1287	320
1289	321
1291	322
1293	323
1295	324
1297	325
1299	326
1301	327
1303	328
1305	329
1307	330
1309	331
1311	332
1313	333
1315	334
1317	335
1319	336
1321	337
1323	338
1325	339
1327	340
1329	341
1331	342
1333	343
1335	344
1337	345
1339	346
1341	347
1343	348
1345	349
1347	350
1349	351
1351	352
1353	353
1355	354
1357	355
1359	356
1361	357
1363	358
1365	359
1367	360
1369	361
1371	362
1373	363
1375	364
1377	365
1379	366
1381	367
1383	368
1385	369
1387	370
1389	371
1391	372
1393	373
1395	374
1397	375
1399	376
1401	377
1403	378
1405	379
1407	380
1409	381
1419	382
1420	383
1422	384
1424	385
1426	386
1428	387
1430	388
1432	389
1434	390
1478	391
1495	392
1506	393
1511	394
1513	395
1540	396
1554	397
1575	398
1580	399
1601	400
1603	401
1605	402
1607	403
1609	404
1611	405
1613	406
1615	407
1654	408
1656	409
1658	410
1660	411
1662	412
1664	413
1692	414
1694	415
1696	416
1698	417
1700	418
1702	419
1704	420
1706	421
1708	422
1710	423
1712	424
1716	425
1718	426
1722	427
1724	428
1725	429
1727	430
1729	431
1731	432
1733	433
1735	434
1741	435
1757	436
1785	437
1796	438
1797	439
1833	440
1835	441
1837	442
1844	443
1845	444
1846	445
1917	446
1919	447
1925	448
1931	449
1949	450
1963	451
1973	452
2347	453
2395	454
2402	455
2405	456
2406	457
2412	458
2413	459
2414	460
2415	461
2416	462
2417	463
2460	464
2462	465
2464	466
2466	467
2468	468
2470	469
2472	470
2474	471
2476	472
2487	473
2489	474
2491	475
2493	476
2495	477
2497	478
2499	479
2501	480
2503	481
2520	482
2522	483
2524	484
2526	485
2577	486
2579	487
2581	488
2583	489
2585	490
2587	491
2589	492
2591	493
2593	494
2595	495
2597	496
2599	497
2601	498
2603	499
2605	500
2607	501
2609	502
2611	503
2613	504
2615	505
2617	506
2619	507
2621	508
2623	509
2625	510
2627	511
2629	512
2631	513
2633	514
2635	515
2637	516
2639	517
2641	518
2643	519
2645	520
2647	521
2649	522
2651	523
2653	524
2655	525
2657	526
2659	527
2661	528
2663	529
2665	530
2667	531
2669	532
2671	533
2673	534
2675	535
2883	536
2888	537
2889	538
2890	539
2894	540
2896	541
2898	542
2900	543
2902	544
2904	545
2906	546
2908	547
2910	548
2912	549
2914	550
2916	551
2918	552
2920	553
2922	554
2924	555
2926	556
2928	557
2930	558
2932	559
2934	560
2936	561
2938	562
2940	563
2942	564
2946	565
2949	566
2952	567
2961	568
2963	569
2968	570
2969	571
2978	572
2979	573
2980	574
2981	575
2982	576
2983	577
2984	578
2985	579
2986	580
2987	581
2988	582
2989	583
2990	584
2991	585
2992	586
2993	587
2994	588
2995	589
2997	590
3053	591
3054	592
3057	593
3058	594
3059	595
3060	596
3061	597
3093	598
3094	599
3095	600
3096	601
3097	602
3098	603
3099	604
3100	605
3101	606
3105	607
3107	608
3122	609
3140	610
3157	611
3159	612
3164	613
3170	614
3171	615
3172	616
3173	617
3174	618
3175	619
3176	620
3177	621
3190	622
3192	623
3194	624
3196	625
3198	626
3200	627
3202	628
3204	629
3208	630
3327	631
3329	632
3331	633
3333	634
3335	635
3337	636
3339	637
3341	638
3343	639
3385	640
3387	641
3389	642
3391	643
3393	644
3472	645
3473	646
3474	647
3475	648
3476	649
3477	650
3478	651
3479	652
3480	653
3481	654
3483	655
3485	656
3486	657
3488	658
3688	659
3689	660
3690	661
3691	662
3695	663
3711	664
3748	665
3749	666
3751	667
3753	668
3755	669
3757	670
3758	671
3759	672
3761	673
3763	674
3765	675
3767	676
3769	677
3771	678
3773	679
3775	680
3777	681
3779	682
3781	683
3783	684
3785	685
3787	686
3789	687
3791	688
3793	689
3795	690
3797	691
3799	692
3801	693
3803	694
3839	695
3840	696
3841	697
3842	698
3843	699
3844	700
3850	701
3853	702
3855	703
3857	704
3859	705
3861	706
3863	707
3865	708
3867	709
3893	710
3899	711
4021	712
4035	713
4037	714
4039	715
4041	716
4042	717
4068	718
4069	719
4070	720
4071	721
4072	722
4073	723
4080	724
4081	725
4083	726
4084	727
4085	728
4086	729
4087	730
4089	731
4091	732
4093	733
4095	734
4097	735
4099	736
4101	737
4103	738
4105	739
4107	740
4109	741
4111	742
4113	743
4115	744
4117	745
4119	746
4121	747
4123	748
4125	749
4127	750
4129	751
4131	752
4151	753
4153	754
4155	755
4156	756
4158	757
4159	758
4161	759
4162	760
4164	761
4166	762
4168	763
4170	764
4181	765
4193	766
4212	767
4214	768
4215	769
4216	770
4217	771
4218	772
4219	773
4220	774
4221	775
4222	776
4223	777
4224	778
4225	779
4226	780
4227	781
4228	782
4229	783
4230	784
4231	785
4232	786
4233	787
4234	788
4236	789
4250	790
4251	791
4298	792
4300	793
4302	794
4304	795
4306	796
4308	797
4310	798
4315	799
4317	800
4319	801
4321	802
4323	803
4325	804
4327	805
4329	806
4331	807
4333	808
4335	809
4337	810
4339	811
4341	812
4343	813
4345	814
4347	815
4349	816
4351	817
4353	818
4355	819
4357	820
4359	821
4361	822
4363	823
4365	824
4367	825
4369	826
4371	827
4373	828
4375	829
4377	830
4379	831
4381	832
4383	833
4385	834
4387	835
4389	836
4391	837
4393	838
4395	839
4397	840
4399	841
4401	842
4403	843
4405	844
4407	845
4409	846
4411	847
4413	848
4435	849
4498	850
4500	851
4501	852
4502	853
4503	854
4504	855
4505	856
4506	857
4507	858
4508	859
4509	860
4510	861
4511	862
4512	863
4513	864
4514	865
4515	866
4516	867
4551	868
4565	869
4566	870
4567	871
4580	872
4582	873
4584	874
4585	875
4587	876
4599	877
4600	878
4605	879
4611	880
4613	881
4614	882
4675	883
4677	884
4692	885
4704	886
4705	887
4708	888
4710	889
4712	890
4714	891
4716	892
4718	893
4720	894
4722	895
4724	896
4726	897
4728	898
4730	899
4732	900
4734	901
4736	902
4738	903
4745	904
4747	905
4749	906
4751	907
4753	908
4755	909
4757	910
4759	911
4809	912
4814	913
4815	914
4816	915
4817	916
4827	917
4829	918
4837	919
4856	920
4857	921
4858	922
4859	923
4860	924
4862	925
4863	926
4864	927
4865	928
4866	929
4868	930
4869	931
4870	932
4871	933
4872	934
4874	935
4875	936
4876	937
4877	938
4878	939
4880	940
4881	941
4882	942
4883	943
4884	944
4886	945
4887	946
4888	947
4889	948
4890	949
4892	950
4893	951
4894	952
4895	953
4896	954
4898	955
4899	956
4900	957
4901	958
4902	959
4904	960
4905	961
4906	962
4907	963
4908	964
4910	965
4911	966
4912	967
4913	968
4914	969
4916	970
4917	971
4918	972
4919	973
4920	974
4922	975
4923	976
4924	977
4925	978
4926	979
4928	980
4929	981
4930	982
4931	983
4932	984
4934	985
4935	986
4936	987
4937	988
4938	989
4940	990
4941	991
4942	992
4943	993
4944	994
4946	995
4947	996
4948	997
4949	998
4950	999
4952	1000
4953	1001
4954	1002
4955	1003
4956	1004
4958	1005
4959	1006
4960	1007
4961	1008
4962	1009
4964	1010
4965	1011
4966	1012
4967	1013
4968	1014
4970	1015
4971	1016
4972	1017
4973	1018
4974	1019
4976	1020
4977	1021
4978	1022
4979	1023
4980	1024
4982	1025
4983	1026
4984	1027
4985	1028
4986	1029
4988	1030
4989	1031
4990	1032
4991	1033
4992	1034
4994	1035
4995	1036
4996	1037
4997	1038
4998	1039
5013	1040
5014	1041
5016	1042
5018	1043
5024	1044
5026	1045
5028	1046
5030	1047
5032	1048
5034	1049
5036	1050
5038	1051
5040	1052
5042	1053
5044	1054
5046	1055
5048	1056
5050	1057
5052	1058
5060	1059
5061	1060
5325	1061
5329	1062
5331	1063
5333	1064
5334	1065
5335	1066
5336	1067
5337	1068
5338	1069
5339	1070
5340	1071
5341	1072
5343	1073
5345	1074
5350	1075
5521	1076
5525	1077
5527	1078
5529	1079
5531	1080
5533	1081
5535	1082
5537	1083
5539	1084
5541	1085
5543	1086
5545	1087
5547	1088
5549	1089
5551	1090
5553	1091
5554	1092
5555	1093
5556	1094
5557	1095
5560	1096
5561	1097
5574	1098
5575	1099
5576	1100
5603	1101
5607	1102
5608	1103
5609	1104
5614	1105
5628	1106
5629	1107
5630	1108
5631	1109
5632	1110
5633	1111
5634	1112
5635	1113
5636	1114
5637	1115
5638	1116
5639	1117
5640	1118
5641	1119
5642	1120
5643	1121
5644	1122
5645	1123
5646	1124
5647	1125
5648	1126
5649	1127
5650	1128
5651	1129
5652	1130
5653	1131
5654	1132
5655	1133
5656	1134
5657	1135
5658	1136
5659	1137
5660	1138
5661	1139
5662	1140
5663	1141
5664	1142
5665	1143
5666	1144
5667	1145
5668	1146
5670	1147
5672	1148
5674	1149
5676	1150
5678	1151
5680	1152
5682	1153
5684	1154
5686	1155
5688	1156
5690	1157
5692	1158
5694	1159
5696	1160
5698	1161
5700	1162
5702	1163
5704	1164
5706	1165
5708	1166
5710	1167
5712	1168
5714	1169
5716	1170
5718	1171
5720	1172
5722	1173
5724	1174
5726	1175
5728	1176
5730	1177
5732	1178
5734	1179
5736	1180
5769	1181
5771	1182
5982	1183
6036	1184
6040	1185
6041	1186
6065	1187
6067	1188
6068	1189
6069	1190
6070	1191
6082	1192
6106	1193
6107	1194
6108	1195
6109	1196
6110	1197
6111	1198
6122	1199
6123	1200
6125	1201
6126	1202
6127	1203
6128	1204
6129	1205
6130	1206
6131	1207
6133	1208
6135	1209
6137	1210
6139	1211
6141	1212
6143	1213
6145	1214
6147	1215
6149	1216
6151	1217
6153	1218
6180	1219
6181	1220
6182	1221
6184	1222
6185	1223
6186	1224
6187	1225
6188	1226
6208	1227
6209	1228
6215	1229
6217	1230
6219	1231
6221	1232
6223	1233
6225	1234
6227	1235
6229	1236
6231	1237
6233	1238
6235	1239
6237	1240
6239	1241
6241	1242
6243	1243
6245	1244
6247	1245
6249	1246
6251	1247
6253	1248
6255	1249
6257	1250
6259	1251
6261	1252
6263	1253
6265	1254
6267	1255
6269	1256
6271	1257
6273	1258
6275	1259
6277	1260
6279	1261
6281	1262
6283	1263
6285	1264
6313	1265
6315	1266
6317	1267
6322	1268
6324	1269
6326	1270
6328	1271
6330	1272
6335	1273
6337	1274
6339	1275
6341	1276
6343	1277
6345	1278
6347	1279
6349	1280
6351	1281
6353	1282
6355	1283
6357	1284
6359	1285
6361	1286
6363	1287
6365	1288
6367	1289
6369	1290
6371	1291
6373	1292
6375	1293
6377	1294
6379	1295
6382	1296
6384	1297
6386	1298
6388	1299
6390	1300
6392	1301
6394	1302
6396	1303
6398	1304
6400	1305
6402	1306
6404	1307
6406	1308
6408	1309
6410	1310
6412	1311
6414	1312
6416	1313
6418	1314
6420	1315
6448	1316
6449	1317
6451	1318
6468	1319
6470	1320
6472	1321
6474	1322
6476	1323
6522	1324
6523	1325
6524	1326
6525	1327
6526	1328
6527	1329
6528	1330
6541	1331
6544	1332
6547	1333
6548	1334
6562	1335
6563	1336
6568	1337
6570	1338
6573	1339
6577	1340
6581	1341
6585	1342
6587	1343
6589	1344
6591	1345
6593	1346
6595	1347
6597	1348
6599	1349
6601	1350
6603	1351
6605	1352
6607	1353
6609	1354
6611	1355
6613	1356
6615	1357
6617	1358
6619	1359
6621	1360
6623	1361
6625	1362
6627	1363
6629	1364
6631	1365
6633	1366
6635	1367
6654	1368
6655	1369
6656	1370
6657	1371
6658	1372
6659	1373
6664	1374
6665	1375
6666	1376
6670	1377
6671	1378
6672	1379
6673	1380
6707	1381
6713	1382
6714	1383
6720	1384
6721	1385
6722	1386
6724	1387
6739	1388
6741	1389
6745	1390
6746	1391
6748	1392
6750	1393
6752	1394
6754	1395
6760	1396
6762	1397
6764	1398
6772	1399
6773	1400
6774	1401
6775	1402
6776	1403
6777	1404
6778	1405
6779	1406
6786	1407
6787	1408
6788	1409
6789	1410
6790	1411
6809	1412
6817	1413
6818	1414
6856	1415
6857	1416
6858	1417
6859	1418
6860	1419
6861	1420
6862	1421
6863	1422
6864	1423
6885	1424
6886	1425
6887	1426
6889	1427
6908	1428
6910	1429
6912	1430
6914	1431
6916	1432
6918	1433
6920	1434
6922	1435
6924	1436
6956	1437
6959	1438
6983	1439
7003	1440
7004	1441
7051	1442
7053	1443
7110	1444
7112	1445
7114	1446
7116	1447
7118	1448
7119	1449
7120	1450
7121	1451
7122	1452
7124	1453
7126	1454
7128	1455
7130	1456
7132	1457
7134	1458
7136	1459
7138	1460
7140	1461
7141	1462
7142	1463
7158	1464
7159	1465
7170	1466
7319	1467
7321	1468
7323	1469
7325	1470
7327	1471
7332	1472
7334	1473
7336	1474
7338	1475
7340	1476
7342	1477
7344	1478
7346	1479
7348	1480
7350	1481
7352	1482
7354	1483
7356	1484
7358	1485
7360	1486
7362	1487
7364	1488
7366	1489
7368	1490
7370	1491
7372	1492
7374	1493
7376	1494
7378	1495
7380	1496
7382	1497
7384	1498
7386	1499
7388	1500
7390	1501
7392	1502
7394	1503
7396	1504
7398	1505
7399	1506
7400	1507
7404	1508
7405	1509
7406	1510
7409	1511
7410	1512
7412	1513
7414	1514
7421	1515
7422	1516
7423	1517
7424	1518
7425	1519
7426	1520
7427	1521
7428	1522
7429	1523
7430	1524
7431	1525
7433	1526
7435	1527
7437	1528
7439	1529
7441	1530
7443	1531
7445	1532
7447	1533
7449	1534
7451	1535
7453	1536
7454	1537
7455	1538
7456	1539
7457	1540
7458	1541
7459	1542
7460	1543
7461	1544
7462	1545
7475	1546
7509	1547
7534	1548
7535	1549
7537	1550
7539	1551
7572	1552
7592	1553
7593	1554
7594	1555
7595	1556
7596	1557
7637	1558
7639	1559
7640	1560
7641	1561
7642	1562
7643	1563
7644	1564
7645	1565
7646	1566
7647	1567
7648	1568
7668	1569
7671	1570
7673	1571
7675	1572
7676	1573
7679	1574
7682	1575
7684	1576
7686	1577
7688	1578
7690	1579
7691	1580
7728	1581
7730	1582
7731	1583
7732	1584
7733	1585
7734	1586
7735	1587
7736	1588
7737	1589
7740	1590
7742	1591
7744	1592
7746	1593
7748	1594
7750	1595
7752	1596
7754	1597
7756	1598
7758	1599
7773	1600
7777	1601
7778	1602
7803	1603
7804	1604
7806	1605
7807	1606
7808	1607
7809	1608
7917	1609
7918	1610
7952	1611
8464	1612
8466	1613
8468	1614
8470	1615
8472	1616
8474	1617
8476	1618
8478	1619
8480	1620
8482	1621
8484	1622
8486	1623
8488	1624
8490	1625
8492	1626
8494	1627
8650	1628
8652	1629
8654	1630
8656	1631
8658	1632
8660	1633
8662	1634
8664	1635
8666	1636
8668	1637
8670	1638
8672	1639
8674	1640
8676	1641
8678	1642
8680	1643
8682	1644
8684	1645
8686	1646
8688	1647
8690	1648
8692	1649
8694	1650
8696	1651
8698	1652
8700	1653
8702	1654
8704	1655
8706	1656
8708	1657
8710	1658
8712	1659
8714	1660
8716	1661
8718	1662
8720	1663
8722	1664
8724	1665
8726	1666
8728	1667
8730	1668
8732	1669
8734	1670
8736	1671
8738	1672
8740	1673
8742	1674
8744	1675
8746	1676
8748	1677
8750	1678
8752	1679
8754	1680
8756	1681
8758	1682
8760	1683
8762	1684
8764	1685
8766	1686
8768	1687
8770	1688
8772	1689
8774	1690
8776	1691
8794	1692
8798	1693
8799	1694
8800	1695
8801	1696
8802	1697
8803	1698
8804	1699
8805	1700
8806	1701
8807	1702
8808	1703
8809	1704
8810	1705
8811	1706
8812	1707
8813	1708
8814	1709
8815	1710
8816	1711
8817	1712
8818	1713
8819	1714
8820	1715
8821	1716
8822	1717
8823	1718
8824	1719
8825	1720
8826	1721
8827	1722
8829	1723
8830	1724
8831	1725
8832	1726
8833	1727
8834	1728
8835	1729
8839	1730
8840	1731
8841	1732
8842	1733
8844	1734
8845	1735
8846	1736
8847	1737
8848	1738
8849	1739
8850	1740
8856	1741
8857	1742
8858	1743
8859	1744
8860	1745
8861	1746
8862	1747
8863	1748
8864	1749
8871	1750
8872	1751
8874	1752
8876	1753
8878	1754
8880	1755
8901	1756
8903	1757
8905	1758
8907	1759
8909	1760
8911	1761
8913	1762
8915	1763
8917	1764
8919	1765
8921	1766
8923	1767
8924	1768
8925	1769
8926	1770
8927	1771
8928	1772
8929	1773
8940	1774
8941	1775
8949	1776
8950	1777
8952	1778
8953	1779
8954	1780
8955	1781
8956	1782
8957	1783
8958	1784
8959	1785
8960	1786
8961	1787
8962	1788
8963	1789
8964	1790
8965	1791
8966	1792
8967	1793
8968	1794
8969	1795
8970	1796
8971	1797
8986	1798
8987	1799
8991	1800
8992	1801
8993	1802
8994	1803
8995	1804
8996	1805
8997	1806
9005	1807
9006	1808
9013	1809
9020	1810
9044	1811
9046	1812
9048	1813
9050	1814
9060	1815
9061	1816
9062	1817
9063	1818
9065	1819
9068	1820
9069	1821
9070	1822
9071	1823
9072	1824
9073	1825
9074	1826
9083	1827
9084	1828
9085	1829
9086	1830
9087	1831
9088	1832
9089	1833
9090	1834
9091	1835
9092	1836
9093	1837
9096	1838
9097	1839
9098	1840
9099	1841
9100	1842
9101	1843
9102	1844
9103	1845
9106	1846
9138	1847
9174	1848
9176	1849
9177	1850
9179	1851
9181	1852
9183	1853
9185	1854
9420	1855
9422	1856
9423	1857
9425	1858
9427	1859
9429	1860
9431	1861
9440	1862
9442	1863
9444	1864
9446	1865
9448	1866
9450	1867
9452	1868
9454	1869
9456	1870
9457	1871
9459	1872
9461	1873
9463	1874
9465	1875
9470	1876
9472	1877
9590	1878
9629	1879
9631	1880
9634	1881
9636	1882
9638	1883
9640	1884
9642	1885
9644	1886
9646	1887
9647	1888
9648	1889
9660	1890
9665	1891
9672	1892
9674	1893
9676	1894
9678	1895
9681	1896
9702	1897
9703	1898
9704	1899
9705	1900
9729	1901
9731	1902
9733	1903
9747	1904
9748	1905
9749	1906
9750	1907
9751	1908
9752	1909
9753	1910
9754	1911
9755	1912
9756	1913
9757	1914
9758	1915
9759	1916
9760	1917
9761	1918
9762	1919
9763	1920
9764	1921
9765	1922
9766	1923
9767	1924
9768	1925
9769	1926
9770	1927
9771	1928
9772	1929
9773	1930
9774	1931
9775	1932
9776	1933
9777	1934
9778	1935
9779	1936
9780	1937
9781	1938
9782	1939
9783	1940
9784	1941
9785	1942
9786	1943
9787	1944
9788	1945
9789	1946
9790	1947
9791	1948
9792	1949
9793	1950
9794	1951
9795	1952
9796	1953
9797	1954
9798	1955
9799	1956
9800	1957
9801	1958
9802	1959
9803	1960
9804	1961
9805	1962
9806	1963
9807	1964
9808	1965
9809	1966
9810	1967
9811	1968
9812	1969
9813	1970
9814	1971
9815	1972
9816	1973
9893	1974
9894	1975
9895	1976
9896	1977
9897	1978
9898	1979
9899	1980
9905	1981
9906	1982
9907	1983
9908	1984
9909	1985
9910	1986
9911	1987
9912	1988
9913	1989
9914	1990
9915	1991
9916	1992
9917	1993
9918	1994
9920	1995
9921	1996
9922	1997
9923	1998
9924	1999
9925	2000
9926	2001
9927	2002
9928	2003
9929	2004
9930	2005
9931	2006
9943	2007
9944	2008
9945	2009
9946	2010
9948	2011
9949	2012
9950	2013
10010	2014
10022	2015
10023	2016
10024	2017
10029	2018
10033	2019
10034	2020
10035	2021
10037	2022
10039	2023
10041	2024
10043	2025
10045	2026
10047	2027
10049	2028
10051	2029
10053	2030
10055	2031
10057	2032
10059	2033
10061	2034
10063	2035
10065	2036
10067	2037
10069	2038
10071	2039
10073	2040
10074	2041
10075	2042
10077	2043
10079	2044
10081	2045
10083	2046
10085	2047
10129	2048
10131	2049
10132	2050
10146	2051
10147	2052
10148	2053
10149	2054
10150	2055
10152	2056
10153	2057
10154	2058
10155	2059
10156	2060
10164	2061
10171	2062
10172	2063
10280	2064
10282	2065
10284	2066
10286	2067
10288	2068
10290	2069
10292	2070
10294	2071
10296	2072
10298	2073
10300	2074
10302	2075
10304	2076
10306	2077
10308	2078
10310	2079
10312	2080
10314	2081
10316	2082
10318	2083
10320	2084
10322	2085
10324	2086
10330	2087
10332	2088
10334	2089
10336	2090
10338	2091
10340	2092
10342	2093
10344	2094
10346	2095
10348	2096
10350	2097
10352	2098
10354	2099
10356	2100
10358	2101
10360	2102
10362	2103
10364	2104
10366	2105
10368	2106
10370	2107
10372	2108
10374	2109
10376	2110
10378	2111
10380	2112
10382	2113
10384	2114
10386	2115
10388	2116
10390	2117
10392	2118
10394	2119
10396	2120
10398	2121
10400	2122
10402	2123
10404	2124
10406	2125
10408	2126
10410	2127
10412	2128
10414	2129
10416	2130
10418	2131
10420	2132
10422	2133
10424	2134
10426	2135
10428	2136
10430	2137
10432	2138
10434	2139
10436	2140
10438	2141
10440	2142
10442	2143
10444	2144
10446	2145
10448	2146
10450	2147
10452	2148
10454	2149
10456	2150
10458	2151
10460	2152
10462	2153
10464	2154
10466	2155
10468	2156
10470	2157
10472	2158
10474	2159
10484	2160
10485	2161
10487	2162
10488	2163
10491	2164
10498	2165
10499	2166
10500	2167
10501	2168
10507	2169
10544	2170
10547	2171
10548	2172
10549	2173
10550	2174
10551	2175
10552	2176
10553	2177
10554	2178
10555	2179
10556	2180
10557	2181
10558	2182
10559	2183
10564	2184
10566	2185
10567	2186
10569	2187
10571	2188
10573	2189
10575	2190
10577	2191
10579	2192
10581	2193
10582	2194
10583	2195
10584	2196
10588	2197
10589	2198
10601	2199
10602	2200
10603	2201
10604	2202
10605	2203
10606	2204
10607	2205
10608	2206
10609	2207
10610	2208
10611	2209
10612	2210
10613	2211
10614	2212
10615	2213
10616	2214
10617	2215
10618	2216
10619	2217
10620	2218
10621	2219
10622	2220
10623	2221
10624	2222
10625	2223
10626	2224
10627	2225
10628	2226
10629	2227
10630	2228
10631	2229
10632	2230
10633	2231
10634	2232
10635	2233
10636	2234
10637	2235
10638	2236
10639	2237
10640	2238
10641	2239
10642	2240
10643	2241
10644	2242
10645	2243
10646	2244
10647	2245
10648	2246
10649	2247
10650	2248
10651	2249
10652	2250
10653	2251
10654	2252
10655	2253
10656	2254
10657	2255
10658	2256
10659	2257
10660	2258
10661	2259
10662	2260
10663	2261
10664	2262
10665	2263
10666	2264
10667	2265
10668	2266
10669	2267
10670	2268
10671	2269
10672	2270
10673	2271
10674	2272
10675	2273
10676	2274
10677	2275
10678	2276
10679	2277
10680	2278
10681	2279
10682	2280
10683	2281
10684	2282
10685	2283
10686	2284
10687	2285
10688	2286
10689	2287
10690	2288
10691	2289
10692	2290
10693	2291
10694	2292
10695	2293
10696	2294
10697	2295
10698	2296
10699	2297
10700	2298
10701	2299
10702	2300
10703	2301
10704	2302
10705	2303
10706	2304
10707	2305
10708	2306
10709	2307
10710	2308
10711	2309
10712	2310
10713	2311
10714	2312
10715	2313
10716	2314
10717	2315
10718	2316
10719	2317
10720	2318
10721	2319
10723	2320
10724	2321
10725	2322
10726	2323
10727	2324
10728	2325
10731	2326
10732	2327
10734	2328
10735	2329
10736	2330
10738	2331
10740	2332
10742	2333
10744	2334
10746	2335
10748	2336
10750	2337
10752	2338
10754	2339
10756	2340
10758	2341
10760	2342
10762	2343
10764	2344
10766	2345
10768	2346
10770	2347
10772	2348
10774	2349
10776	2350
10778	2351
10780	2352
10782	2353
10784	2354
10786	2355
10788	2356
10790	2357
10792	2358
10794	2359
10796	2360
10798	2361
10800	2362
10802	2363
10804	2364
10806	2365
10810	2366
10822	2367
10824	2368
10826	2369
10828	2370
10836	2371
10837	2372
10838	2373
10839	2374
10840	2375
10841	2376
10842	2377
10857	2378
10858	2379
10860	2380
10861	2381
10862	2382
10863	2383
10864	2384
10865	2385
10877	2386
10878	2387
10879	2388
10880	2389
10881	2390
10882	2391
10883	2392
10886	2393
10887	2394
10933	2395
10939	2396
10940	2397
10941	2398
10945	2399
10952	2400
10954	2401
10956	2402
10958	2403
11012	2404
11013	2405
11016	2406
11017	2407
11018	2408
11019	2409
11020	2410
11021	2411
11022	2412
11027	2413
11028	2414
11029	2415
11030	2416
11037	2417
11046	2418
11061	2419
11063	2420
11068	2421
11069	2422
11071	2423
11072	2424
11074	2425
11076	2426
11078	2427
11079	2428
11081	2429
11083	2430
11085	2431
11087	2432
11088	2433
11090	2434
11092	2435
11094	2436
11095	2437
11097	2438
11099	2439
11101	2440
11103	2441
11105	2442
11107	2443
11109	2444
11111	2445
11113	2446
11115	2447
11117	2448
11118	2449
11120	2450
11122	2451
11124	2452
11126	2453
11128	2454
11130	2455
11132	2456
11133	2457
11135	2458
11136	2459
11138	2460
11140	2461
11151	2462
11152	2463
11153	2464
11154	2465
11165	2466
11167	2467
11190	2468
11191	2469
11192	2470
11193	2471
11194	2472
11195	2473
11200	2474
11204	2475
11230	2476
11231	2477
11233	2478
11234	2479
11235	2480
11259	2481
11274	2482
11277	2483
11278	2484
11279	2485
11280	2486
11282	2487
11283	2488
11284	2489
11288	2490
11289	2491
11290	2492
11291	2493
11292	2494
11293	2495
11294	2496
11295	2497
11296	2498
11297	2499
11298	2500
11299	2501
11300	2502
11301	2503
11302	2504
11303	2505
11304	2506
11305	2507
11306	2508
11307	2509
11308	2510
11309	2511
11310	2512
11311	2513
11312	2514
11313	2515
11314	2516
11315	2517
11316	2518
11317	2519
11318	2520
11319	2521
11320	2522
11321	2523
11322	2524
11323	2525
11335	2526
11367	2527
11369	2528
11371	2529
11373	2530
11375	2531
11377	2532
11379	2533
11381	2534
11382	2535
11384	2536
11386	2537
11388	2538
11389	2539
11391	2540
11393	2541
11395	2542
11396	2543
11398	2544
11400	2545
11402	2546
11403	2547
11405	2548
11407	2549
11409	2550
11410	2551
11412	2552
11414	2553
11416	2554
11417	2555
11419	2556
11551	2557
11663	2558
11664	2559
11665	2560
11666	2561
11667	2562
11668	2563
11669	2564
11670	2565
11671	2566
11672	2567
11673	2568
11674	2569
11675	2570
11676	2571
11694	2572
11696	2573
11698	2574
11700	2575
11716	2576
11718	2577
11720	2578
11722	2579
11724	2580
11726	2581
11728	2582
11730	2583
11732	2584
11736	2585
11738	2586
11749	2587
11756	2588
11757	2589
11758	2590
11789	2591
11790	2592
11809	2593
11949	2594
11950	2595
11951	2596
11969	2597
12169	2598
12170	2599
12171	2600
12202	2601
12204	2602
12206	2603
12207	2604
12209	2605
12210	2606
12212	2607
12213	2608
12215	2609
12216	2610
12218	2611
12219	2612
12221	2613
12222	2614
12224	2615
12524	2616
12558	2617
12559	2618
12561	2619
12563	2620
12565	2621
12568	2622
12570	2623
12578	2624
12579	2625
12580	2626
12595	2627
12607	2628
12608	2629
12610	2630
12612	2631
12614	2632
12616	2633
12618	2634
12620	2635
12622	2636
12629	2637
12633	2638
12634	2639
12645	2640
12649	2641
12655	2642
12658	2643
12659	2644
12660	2645
12661	2646
12662	2647
12663	2648
12664	2649
12665	2650
12666	2651
12667	2652
12668	2653
12669	2654
12670	2655
12671	2656
12672	2657
12673	2658
12674	2659
12675	2660
12676	2661
12677	2662
12678	2663
12679	2664
12680	2665
12681	2666
12842	2667
12844	2668
12845	2669
12846	2670
12847	2671
12848	2672
12849	2673
12855	2674
12856	2675
12857	2676
12858	2677
12859	2678
12860	2679
12861	2680
12862	2681
12863	2682
12864	2683
12865	2684
12866	2685
12867	2686
12868	2687
12869	2688
12870	2689
12871	2690
12873	2691
12874	2692
12875	2693
12876	2694
12877	2695
12878	2696
12880	2697
12881	2698
12882	2699
12883	2700
12884	2701
12885	2702
12887	2703
12888	2704
12889	2705
12890	2706
12891	2707
12892	2708
12894	2709
12895	2710
12896	2711
12897	2712
12898	2713
12899	2714
12901	2715
12902	2716
12903	2717
12904	2718
12905	2719
12906	2720
12908	2721
12909	2722
12910	2723
12911	2724
12912	2725
12913	2726
12915	2727
12916	2728
12917	2729
12918	2730
12919	2731
12920	2732
12922	2733
12923	2734
12924	2735
12925	2736
12926	2737
12927	2738
12929	2739
12930	2740
12931	2741
12932	2742
12933	2743
12934	2744
12936	2745
12937	2746
12938	2747
12939	2748
12940	2749
12941	2750
12943	2751
12944	2752
12945	2753
12946	2754
12947	2755
12948	2756
12950	2757
12951	2758
12952	2759
12953	2760
12954	2761
12955	2762
12957	2763
12958	2764
12959	2765
12960	2766
12961	2767
12962	2768
12964	2769
12965	2770
12966	2771
12967	2772
12968	2773
12969	2774
12971	2775
12972	2776
12973	2777
12974	2778
12975	2779
12976	2780
12978	2781
12979	2782
12980	2783
12981	2784
12982	2785
12983	2786
12985	2787
12986	2788
12988	2789
12989	2790
12991	2791
12992	2792
12994	2793
12995	2794
12997	2795
12998	2796
13000	2797
13001	2798
13003	2799
13004	2800
13006	2801
13007	2802
13081	2803
13095	2804
13097	2805
13099	2806
13101	2807
13103	2808
13105	2809
13107	2810
13109	2811
13111	2812
13113	2813
13115	2814
13117	2815
13118	2816
13119	2817
13120	2818
13121	2819
13122	2820
13123	2821
13124	2822
13125	2823
13126	2824
13127	2825
13128	2826
13129	2827
13130	2828
13131	2829
13132	2830
13133	2831
13134	2832
13135	2833
13136	2834
13137	2835
13138	2836
13139	2837
13140	2838
13141	2839
13142	2840
13143	2841
13144	2842
13145	2843
13146	2844
13155	2845
13156	2846
13163	2847
13164	2848
13165	2849
13166	2850
13167	2851
13168	2852
13169	2853
13170	2854
13171	2855
13172	2856
13173	2857
13174	2858
13175	2859
13176	2860
13177	2861
13178	2862
13179	2863
13180	2864
13181	2865
13182	2866
13183	2867
13184	2868
13185	2869
13186	2870
13187	2871
13188	2872
13189	2873
13190	2874
13191	2875
13192	2876
13193	2877
13194	2878
13230	2879
13231	2880
13237	2881
13239	2882
13241	2883
13263	2884
13277	2885
13289	2886
13290	2887
13297	2888
13298	2889
13299	2890
13306	2891
13316	2892
13317	2893
13318	2894
13319	2895
13320	2896
13324	2897
13325	2898
13326	2899
13339	2900
13340	2901
13341	2902
13342	2903
13343	2904
13344	2905
13345	2906
13346	2907
13347	2908
13348	2909
13349	2910
13350	2911
13351	2912
13352	2913
13353	2914
13354	2915
13355	2916
13357	2917
13358	2918
13360	2919
13362	2920
13364	2921
13366	2922
13368	2923
13370	2924
13372	2925
13374	2926
13376	2927
13377	2928
13378	2929
13396	2930
13397	2931
13398	2932
13399	2933
13400	2934
13403	2935
13404	2936
13405	2937
13406	2938
13407	2939
13408	2940
13409	2941
13410	2942
13411	2943
13412	2944
13413	2945
13414	2946
13415	2947
13416	2948
13417	2949
13418	2950
13419	2951
13420	2952
13421	2953
13422	2954
13423	2955
13424	2956
13425	2957
13430	2958
13431	2959
13441	2960
13442	2961
13443	2962
13444	2963
13445	2964
13449	2965
13450	2966
13451	2967
13452	2968
13453	2969
13454	2970
13455	2971
13456	2972
13457	2973
13458	2974
13459	2975
13460	2976
13461	2977
13462	2978
13465	2979
13466	2980
13467	2981
13468	2982
13469	2983
13470	2984
13471	2985
13472	2986
13473	2987
13474	2988
13475	2989
13476	2990
13477	2991
13478	2992
13479	2993
13480	2994
13481	2995
13482	2996
13483	2997
13484	2998
13485	2999
13486	3000
13487	3001
13488	3002
13489	3003
13490	3004
13491	3005
13492	3006
13493	3007
13494	3008
13495	3009
13496	3010
13497	3011
13498	3012
13499	3013
13500	3014
13501	3015
13502	3016
13503	3017
13504	3018
13505	3019
13506	3020
13507	3021
13508	3022
13509	3023
13510	3024
13511	3025
13512	3026
13513	3027
13514	3028
13515	3029
13516	3030
13517	3031
13518	3032
13519	3033
13520	3034
13521	3035
13522	3036
13523	3037
13524	3038
13525	3039
13526	3040
13527	3041
13528	3042
13529	3043
13530	3044
13531	3045
13532	3046
13533	3047
13534	3048
13535	3049
13536	3050
13537	3051
13538	3052
13539	3053
13540	3054
13541	3055
13542	3056
13543	3057
13544	3058
13545	3059
13546	3060
13547	3061
13548	3062
13549	3063
13550	3064
13551	3065
13552	3066
13553	3067
13554	3068
13555	3069
13556	3070
13557	3071
13558	3072
13559	3073
13567	3074
13579	3075
13594	3076
13595	3077
13596	3078
13597	3079
13612	3080
13613	3081
13614	3082
13615	3083
13616	3084
13617	3085
13618	3086
13619	3087
13620	3088
13621	3089
13622	3090
13623	3091
13624	3092
13625	3093
13626	3094
13627	3095
13628	3096
13629	3097
13630	3098
13631	3099
13632	3100
13633	3101
13634	3102
13635	3103
13636	3104
13637	3105
13638	3106
13639	3107
13640	3108
13641	3109
13642	3110
13643	3111
13644	3112
13645	3113
13646	3114
13647	3115
13648	3116
13655	3117
13656	3118
13657	3119
13658	3120
13660	3121
13661	3122
13663	3123
13664	3124
13665	3125
13666	3126
13667	3127
13668	3128
13669	3129
13670	3130
13671	3131
13672	3132
13673	3133
13674	3134
13675	3135
13676	3136
13677	3137
13678	3138
13679	3139
13680	3140
13681	3141
13682	3142
13683	3143
13684	3144
13685	3145
13686	3146
13687	3147
13688	3148
13689	3149
13690	3150
13691	3151
13692	3152
13693	3153
13694	3154
13695	3155
13696	3156
13697	3157
13698	3158
13699	3159
13700	3160
13701	3161
13702	3162
13703	3163
13704	3164
13705	3165
13706	3166
13709	3167
13710	3168
13711	3169
13712	3170
13713	3171
13714	3172
13715	3173
13716	3174
13717	3175
13718	3176
13719	3177
13720	3178
13721	3179
13733	3180
13734	3181
13736	3182
13738	3183
13740	3184
13742	3185
13744	3186
13763	3187
13764	3188
13765	3189
13766	3190
13767	3191
13768	3192
13769	3193
13770	3194
13771	3195
13772	3196
13773	3197
13774	3198
13775	3199
13776	3200
13777	3201
13778	3202
13779	3203
13780	3204
13781	3205
13782	3206
13783	3207
13784	3208
13785	3209
13786	3210
13787	3211
13788	3212
13789	3213
13790	3214
13791	3215
13792	3216
13793	3217
13794	3218
13795	3219
13796	3220
13797	3221
13798	3222
13799	3223
13800	3224
13801	3225
13802	3226
13803	3227
13804	3228
13805	3229
13806	3230
13807	3231
13808	3232
13809	3233
13810	3234
13811	3235
13812	3236
13813	3237
13814	3238
13815	3239
13816	3240
13817	3241
13818	3242
13819	3243
13820	3244
13821	3245
13822	3246
13823	3247
13824	3248
13825	3249
13826	3250
13827	3251
13828	3252
13829	3253
13830	3254
13831	3255
13832	3256
13833	3257
13834	3258
13835	3259
13836	3260
13837	3261
13838	3262
13839	3263
13845	3264
13846	3265
13847	3266
13848	3267
13849	3268
13850	3269
13851	3270
13852	3271
13853	3272
13854	3273
13855	3274
13856	3275
13857	3276
13858	3277
13860	3278
13861	3279
13863	3280
13864	3281
13866	3282
13867	3283
13869	3284
13870	3285
13872	3286
13873	3287
13875	3288
13876	3289
13878	3290
13879	3291
13880	3292
13881	3293
13882	3294
13883	3295
13884	3296
13886	3297
13887	3298
13889	3299
13890	3300
13892	3301
13893	3302
13895	3303
13896	3304
13898	3305
13899	3306
13901	3307
13902	3308
13904	3309
13905	3310
13907	3311
13908	3312
13910	3313
13911	3314
13913	3315
13914	3316
13916	3317
13917	3318
13919	3319
13920	3320
13922	3321
13923	3322
13925	3323
13926	3324
13928	3325
13929	3326
13931	3327
13932	3328
13934	3329
13935	3330
13937	3331
13938	3332
13940	3333
13941	3334
13943	3335
13944	3336
13946	3337
13947	3338
13949	3339
13950	3340
13952	3341
13953	3342
13954	3343
13955	3344
13956	3345
13957	3346
13958	3347
13960	3348
13961	3349
13963	3350
13964	3351
13966	3352
13967	3353
13969	3354
13970	3355
13972	3356
13973	3357
13975	3358
13976	3359
13978	3360
13979	3361
13981	3362
13982	3363
13984	3364
13985	3365
13987	3366
13988	3367
13990	3368
14057	3369
14058	3370
14059	3371
14060	3372
14063	3373
14064	3374
14076	3375
14077	3376
14078	3377
14079	3378
14080	3379
14081	3380
14086	3381
14087	3382
14088	3383
14094	3384
14095	3385
14096	3386
14097	3387
14099	3388
14100	3389
14101	3390
14102	3391
14103	3392
14104	3393
14105	3394
14107	3395
14108	3396
14109	3397
14110	3398
14111	3399
14112	3400
14113	3401
14114	3402
14115	3403
14116	3404
14117	3405
14118	3406
14119	3407
14120	3408
14121	3409
14122	3410
14124	3411
14126	3412
14128	3413
14130	3414
14132	3415
14134	3416
14136	3417
14138	3418
14140	3419
14142	3420
14144	3421
14146	3422
14148	3423
14150	3424
14152	3425
14154	3426
14156	3427
14158	3428
14160	3429
14192	3430
14194	3431
14196	3432
14198	3433
14200	3434
14287	3435
14289	3436
14291	3437
14293	3438
14295	3439
14297	3440
14299	3441
14301	3442
14303	3443
14305	3444
14307	3445
14309	3446
14311	3447
14313	3448
14315	3449
14317	3450
14319	3451
14321	3452
14323	3453
14325	3454
14327	3455
14329	3456
14331	3457
14333	3458
14335	3459
14337	3460
14339	3461
14341	3462
14343	3463
14345	3464
14347	3465
14349	3466
14351	3467
14353	3468
14355	3469
14357	3470
14359	3471
14361	3472
14363	3473
14365	3474
14367	3475
14369	3476
14371	3477
14373	3478
14375	3479
14377	3480
14379	3481
14381	3482
14383	3483
14385	3484
14387	3485
14389	3486
14391	3487
14393	3488
14395	3489
14397	3490
14399	3491
14401	3492
14403	3493
14405	3494
14407	3495
14409	3496
14411	3497
14413	3498
14415	3499
14417	3500
14419	3501
14460	3502
14469	3503
14470	3504
14478	3505
14479	3506
14481	3507
14484	3508
14486	3509
14489	3510
14490	3511
14492	3512
14494	3513
14497	3514
14499	3515
14501	3516
14505	3517
14535	3518
14571	3519
14572	3520
14573	3521
14577	3522
14578	3523
14579	3524
14590	3525
14591	3526
14592	3527
14593	3528
14594	3529
14595	3530
14596	3531
14599	3532
14600	3533
14601	3534
14602	3535
14603	3536
14604	3537
14605	3538
14628	3539
14631	3540
14632	3541
14636	3542
14637	3543